20221022
20221021
20221020
20221019
20221018
20221017
20221016
20221015
20221014
20221013
20221012
20221011
20221010
20221009
20221008
20221007
20221006
20221005
20221004
20221003
20221002
20221001
20220930
20220929
20220928
20220927
20220926
20220925
20220924
20220923
20220922
20220921
20220920
20220919
20220918
20220917
20220916
20220915
20220914
20220913
20220912
20220911
20220910
20220909
20220908
20220907
20220906
20220905
20220904
20220903
20220902
20220901
20220831
20220830
20220829
20220828
20220827
20220826
20220825
20220824
20220823
20220822
20220821
20220820
20220819
20220818
20220817
20220816
20220815
20220814
20220813
20220812
20220811
20220810
20220809
20220808
20220807
20220806
20220805
20220804
20220803
20220802
20220801
20220731
20220730
20220729
20220728
20220727
20220726
20220725
20220724
20220723
20220722
20220721
20220721
20220721
20220721
20220720
20220719
20220718
20220717
20220716
20220715
20220714
20220713
20220712
20220711
20220710
20220709
20220708
20220707
20220706
20220705
20220704
20220703
20220702
20220701
20220630
20220629
20220628
20220627
20220626
20220625
20220624
20220623
20220622
20220621
20220620
20220619
20220618
20220617
20220616
20220615
20220614
20220613
20220612
20220611
20220610
20220609
20220608
20220607
20220606
20220605
20220604
20220603
20220602
20220601
20220531
20220530
20220529
20220528
20220527
20220526
20220525
20220524
20220525
20220525
20220524
20220524
20220523
20220522
20220521
20220518
20220519
20220520
